1 5.5754e-26
1.2217 4.5942e-26
1.4925 3.791e-26
1.8233 3.1336e-26
2.2275 2.5954e-26
2.7213 2.1549e-26
3.3246 1.7943e-26
4.0616 1.4992e-26
4.9619 1.2576e-26
6.0619 1.0599e-26
7.4057 8.9799e-27
9.0474 7.6549e-27
11.053 6.5704e-27
13.503 5.6827e-27
16.496 4.9561e-27
20.153 4.3614e-27
24.621 3.8746e-27
30.079 3.4761e-27
36.747 3.1501e-27
44.893 2.8832e-27
54.844 2.6648e-27
67.002 2.4862e-27
81.855 2.34e-27
100 2.2206e-27
122.17 2.1229e-27
149.25 2.0432e-27
182.33 1.9781e-27
222.75 1.9252e-27
272.13 1.8822e-27
332.46 1.8475e-27
406.16 1.8196e-27
496.19 1.7975e-27
606.19 1.7803e-27
740.57 1.7672e-27
904.74 1.7579e-27
1105.3 1.7519e-27
1350.3 1.7493e-27
1649.6 1.7499e-27
2015.3 1.7539e-27
2462.1 1.7619e-27
3007.9 1.7746e-27
3674.7 1.7932e-27
4489.3 1.8192e-27
5484.4 1.8553e-27
6700.2 1.905e-27
8185.5 1.9734e-27
10000 2.068e-27
12217 2.1998e-27
14925 2.3845e-27
18233 2.6453e-27
22275 3.0161e-27
27213 3.547e-27
33246 4.3115e-27
40616 5.4185e-27
49619 7.0289e-27
60619 9.3815e-27
74057 1.283e-26
90474 1.7901e-26
1.1053e+05 2.5376e-26
1.3503e+05 3.6419e-26
1.6496e+05 5.2761e-26
2.0153e+05 7.6981e-26
2.4621e+05 1.1292e-25
3.0079e+05 1.6631e-25
3.6747e+05 2.4568e-25
4.4893e+05 3.6375e-25
5.4844e+05 5.3952e-25
6.7002e+05 8.0129e-25
8.1855e+05 1.1913e-24
1e+06 1.7725e-24
