1 5.3024e-12
1.2217 4.3405e-12
1.4925 3.5531e-12
1.8233 2.9086e-12
2.2275 2.3811e-12
2.7213 1.9493e-12
3.3246 1.5958e-12
4.0616 1.3065e-12
4.9619 1.0696e-12
6.0619 8.7577e-13
7.4057 7.1709e-13
9.0474 5.872e-13
11.053 4.8088e-13
13.503 3.9385e-13
16.496 3.2262e-13
20.153 2.6431e-13
24.621 2.1658e-13
30.079 1.7751e-13
36.747 1.4553e-13
44.893 1.1935e-13
54.844 9.7928e-14
67.002 8.0389e-14
81.855 6.6033e-14
100 5.4281e-14
122.17 4.4662e-14
149.25 3.6789e-14
182.33 3.0344e-14
222.75 2.5068e-14
272.13 2.075e-14
332.46 1.7215e-14
406.16 1.4322e-14
496.19 1.1954e-14
606.19 1.0015e-14
740.57 8.4284e-15
904.74 7.1295e-15
1105.3 6.0663e-15
1350.3 5.1961e-15
1649.6 4.4837e-15
2015.3 3.9006e-15
2462.1 3.4233e-15
3007.9 3.0326e-15
3674.7 2.7128e-15
4489.3 2.4511e-15
5484.4 2.2368e-15
6700.2 2.0614e-15
8185.5 1.9179e-15
10000 1.8003e-15
12217 1.7041e-15
14925 1.6254e-15
18233 1.561e-15
22275 1.5082e-15
27213 1.465e-15
33246 1.4297e-15
40616 1.4007e-15
49619 1.3771e-15
60619 1.3577e-15
74057 1.3418e-15
90474 1.3288e-15
1.1053e+05 1.3182e-15
1.3503e+05 1.3095e-15
1.6496e+05 1.3024e-15
2.0153e+05 1.2965e-15
2.4621e+05 1.2918e-15
3.0079e+05 1.2879e-15
3.6747e+05 1.2847e-15
4.4893e+05 1.282e-15
5.4844e+05 1.2799e-15
6.7002e+05 1.2781e-15
8.1855e+05 1.2767e-15
1e+06 1.2755e-15
